1 9 4
1 2 6
1 8 13
1 5 17
1 7 41
1 11 75
1 10 88
2 1 6
2 9 10
2 5 19
2 8 20
2 6 37
2 11 73
2 10 88
3 4 10
3 7 26
3 6 40
3 5 50
3 12 163
4 3 10
4 7 35
4 6 39
4 8 47
4 12 165
5 1 17
5 2 19
5 9 19
5 8 23
5 7 25
5 6 30
5 3 50
6 7 15
6 8 20
6 5 30
6 2 37
6 9 37
6 4 39
6 3 40
6 12 189
7 6 15
7 5 25
7 3 26
7 8 34
7 4 35
7 1 41
8 1 13
8 9 18
8 2 20
8 6 20
8 5 23
8 7 34
8 4 47
8 11 86
9 1 4
9 2 10
9 8 18
9 5 19
9 6 37
9 11 78
9 10 91
9 12 192
10 11 16
10 1 88
10 2 88
10 9 91
11 10 16
11 2 73
11 1 75
11 9 78
11 8 86
12 3 163
12 4 165
12 6 189
12 9 192
